Tmin 16.5926
To 33.8736
Tf 39.7929
Tmax 39.7929
Tten 4.38
Nten 15
S 11.1024
Lo -3.3712
Lf 4.1288
DTo 0.25
DTf 0.25
x -3.3712 -3.3212 -3.2712 -3.2212 -3.1712 -3.1212 -3.0712 -3.0212 -2.9712 -2.9212 -2.8712 -2.8212 -2.7712 -2.7212 -2.6712 -2.6212 -2.5712 -2.5212 -2.4712 -2.4212 -2.3712 -2.3212 -2.2712 -2.2212 -2.1712 -2.1212 -2.0712 -2.0212 -1.9712 -1.9212 -1.8712 -1.8212 -1.7712 -1.7212 -1.6712 -1.6212 -1.5712 -1.5212 -1.4712 -1.4212 -1.3712 -1.3212 -1.2712 -1.2212 -1.1712 -1.1212 -1.0712 -1.0212 -0.97117 -0.92117 -0.87117 -0.82117 -0.77117 -0.72117 -0.67117 -0.62117 -0.57117 -0.52117 -0.47117 -0.42117 -0.37117 -0.32117 -0.27117 -0.22117 -0.17117 -0.12117 -0.071174 -0.021174 0.028826 0.078826 0.12883 0.17883 0.22883 0.27883 0.32883 0.37883 0.42883 0.47883 0.52883 0.57883 0.62883 0.67883 0.72883 0.77883 0.82883 0.87883 0.92883 0.97883 1.0288 1.0788 1.1288 1.1788 1.2288 1.2788 1.3288 1.3788 1.4288 1.4788 1.5288 1.5788 1.6288 1.6788 1.7288 1.7788 1.8288 1.8788 1.9288 1.9788 2.0288 2.0788 2.1288 2.1788 2.2288 2.2788 2.3288 2.3788 2.4288 2.4788 2.5288 2.5788 2.6288 2.6788 2.7288 2.7788 2.8288 2.8788 2.9288 2.9788 3.0288 3.0788 3.1288 3.1788 3.2288 3.2788 3.3288 3.3788 3.4288 3.4788 3.5288 3.5788 3.6288 3.6788 3.7288 3.7788 3.8288 3.8788 3.9288 3.9788 4.0288 4.0788 4.1288
y 3 2.9117 2.8247 2.739 2.6546 2.5715 2.4898 2.4094 2.3303 2.2525 2.1761 2.101 2.0272 1.9547 1.8835 1.8136 1.7451 1.6779 1.612 1.5474 1.4842 1.4222 1.3616 1.3023 1.2444 1.1877 1.1324 1.0784 1.0257 0.9743 0.92425 0.87551 0.8281 0.782 0.73723 0.69377 0.65164 0.61082 0.57133 0.53315 0.4963 0.46076 0.42655 0.39365 0.36208 0.33182 0.30289 0.27527 0.24897 0.224 0.20034 0.178 0.15699 0.13729 0.11891 0.10186 0.086118 0.071701 0.058603 0.046825 0.036368 0.027229 0.019411 0.012913 0.0077345 0.0038759 0.0013372 0.00011835 0.00021935 0.0016402 0.0043809 0.0084415 0.013822 0.020522 0.028542 0.037883 0.048542 0.060522 0.073822 0.088441 0.10438 0.12164 0.14022 0.16012 0.18134 0.20388 0.22773 0.25291 0.27941 0.30723 0.33637 0.36682 0.3986 0.4317 0.46612 0.50185 0.53891 0.57729 0.61699 0.658 0.70034 0.744 0.78897 0.83527 0.88288 0.93182 0.98208 1.0337 1.0865 1.1408 1.1963 1.2532 1.3113 1.3708 1.4316 1.4938 1.5572 1.622 1.6881 1.7555 1.8242 1.8943 1.9657 2.0384 2.1124 2.1877 2.2644 2.3423 2.4216 2.5022 2.5842 2.6674 2.752 2.8379 2.9251 3.0136 3.1035 3.1947 3.2871 3.381 3.4761 3.5725 3.6703 3.7694 3.8698 3.9715 4.0746 4.179 4.2847 4.3917 4.5
xx 2.5715 1.8136 1.1877 0.69377 0.33182 0.10186 0.0038759 0.037883 0.20388 0.50185 0.93182 1.4938 2.1877 3.0136 3.9715
yy -0.5 -0.5 -0.5 -0.5 -0.5 -0.5 -0.5 -0.5 -0.5 -0.5 -0.5 -0.5 -0.5 -0.5 -0.5
yy -3.1212 -2.6212 -2.1212 -1.6212 -1.1212 -0.62117 -0.12117 0.37883 0.87883 1.3788 1.8788 2.3788 2.8788 3.3788 3.8788
wx -3.3712 4.1288 4.1288 -3.3712
wy -0.5 -0.5 -1.2 -1.2
